%YAML:1.0
---
opencv_lbphfaces:
   threshold: 1.7976931348623157e+308
   radius: 1
   neighbors: 8
   grid_x: 8
   grid_y: 8
   histograms:
      - !!opencv-matrix
         rows: 1
         cols: 16384
         dt: f
         data: [ 
             1.83654728e-03, 0., 0., 0., 3.67309456e-03, 0., 0., 0., 0.,
             0., 0., 0., 1.65289249e-02, 3.67309456e-03, 9.27456394e-02,
             0., 3.12213041e-02, 9.18273639e-04, 0., 0., 2.47933883e-02,
             0., 0., 0., 0., 0., 0., 0., 1.10192839e-02, 6.42791530e-03,
             4.49954085e-02, 0., 8.26446246e-03, 9.18273639e-04,
             9.18273639e-04, 0., 1.28558306e-02, 0., 1.83654728e-03, 0.,
             0., 1.83654728e-03, 4.59136814e-03, 3.67309456e-03,
             1.46005511e-01 ]
   labels: !!opencv-matrix
      rows: 160
      cols: 1
      dt: i
      data: [ 2, 2, 2, 2, 2, 2, 2, 2, 2, 2, 2, 2, 2, 2, 2, 2, 2, 2, 2, 2,
          2, 2, 2, 2, 2, 2, 0, 0, 0, 0, 0, 0, 0, 0, 0, 0, 0, 0, 0, 0, 0,
          0, 0, 0, 0, 0, 0, 0, 0, 0, 0, 0, 0, 0, 0, 0, 0, 0, 0, 0, 0, 0,
          0, 0, 0, 0, 0, 0, 0, 0, 0, 0, 0, 0, 0, 0, 0, 0, 0, 0, 0, 0, 0,
          0, 0, 0, 0, 0, 0, 0, 0, 0, 0, 0, 0, 0, 0, 0, 0, 0, 0, 0, 0, 0,
          0, 0, 0, 0, 0, 0, 0, 0, 0, 0, 0, 0, 0, 0, 0, 0, 0, 0, 0, 0, 0,
          0, 0, 1, 1, 1, 1, 1, 1, 1, 1, 1, 1, 1, 1, 1, 1, 1, 1, 1, 1, 1,
          1, 1, 1, 1, 1, 1, 1, 1, 1, 1, 1, 1, 1, 1 ]
   labelsInfo:
      []
